Bin Id	Marker lineage	# genomes	# markers	# marker sets	Completeness	Contamination	Strain heterogeneity	Genome size (bp)	# ambiguous bases	# scaffolds	# contigs	N50 (scaffolds)	N50 (contigs)	Mean scaffold length (bp)	Mean contig length (bp)	Longest scaffold (bp)	Longest contig (bp)	GC	GC std (scaffolds > 1kbp)	Coding density	Translation table	# predicted genes	0	1	2	3	4	5+
megahit-bin-12	p__Bacteroidetes (UID2591)	364	298	198	64.62	1.26	0.00	4137656	0	1393	1393	3088	3088	2970	2970	12972	12972	45.4	2.24	87.47	11	4270	95	199	4	0	0	0
megahit-bin-13	o__Rhizobiales (UID3447)	356	416	249	96.88	1.24	16.67	3159117	0	319	319	14691	14691	9903	9903	61281	61281	63.3	1.54	91.01	11	3248	12	398	6	0	0	0
metaspades-bin-10	f__Rhodobacteraceae (UID3361)	46	654	332	76.95	2.43	6.67	4230639	0	1149	1149	4344	4344	3682	3682	21622	21622	65.2	2.11	90.92	11	5078	153	486	15	0	0	0
metaspades-bin-3	p__Cyanobacteria (UID2189)	82	579	450	99.33	1.26	0.00	9193454	0	174	174	93019	93019	52835	52835	510459	510459	37.3	1.75	78.63	11	7301	3	569	7	0	0	0
metaspades-bin-6	o__Cytophagales (UID2936)	47	454	336	95.66	2.29	0.00	4693337	0	460	460	13982	13982	10202	10202	56942	56942	42.6	1.54	92.40	11	4439	18	426	10	0	0	0
metaspades-bin-8	c__Gammaproteobacteria (UID4202)	67	481	276	98.81	1.27	0.00	3532557	0	21	21	591228	591228	168217	168217	702689	702689	58.5	3.42	90.98	11	3140	7	470	4	0	0	0
subsampled-bin-10	c__Alphaproteobacteria (UID3305)	564	349	230	99.57	2.17	83.33	3186557	60	16	16	457662	457653	199159	199156	1555694	1555666	57.9	0.97	91.08	11	2946	1	342	6	0	0	0
subsampled-bin-2	o__Cytophagales (UID2936)	47	454	336	97.02	2.50	0.00	5472162	653	339	339	23461	23460	16142	16140	128658	128645	42.8	1.81	92.35	11	4986	10	432	12	0	0	0
subsampled-bin-5	o__Rhizobiales (UID3449)	345	431	258	72.98	4.34	76.47	3816332	4069	780	780	5534	5528	4892	4887	20405	20384	61.9	1.62	90.41	11	4240	111	303	17	0	0	0
